(array([38975.11   , 38363.58   ,  2117.50358]), 2, -99.89418518210526, array([38975.11   , 38363.58   ,  2117.50358]), False)
(array([37717.49  , 38282.74  ,  2597.5227]), 0, -88.6159345471902, array([37717.49  , 38282.74  ,  2597.5227]), False)
(array([38968.53   , 38043.556  ,  4011.26324]), 2, 995.5183960353247, array([38968.53   , 38043.556  ,  4011.26324]), False)
(array([36909.67   , 39342.098  , 20886.39771]), 2, -147.10517442631948, array([36909.67   , 39342.098  , 20886.39771]), False)
(array([35780.84  , 36349.414 ,  4030.8727]), 2, 1145.5984313084593, array([35780.84  , 36349.414 ,  4030.8727]), False)
(array([34575.77   , 35488.655  ,  7462.50016]), 2, -102.66632829547062, array([34575.77   , 35488.655  ,  7462.50016]), False)
(array([32822.22    , 33668.303   , 11779.786999]), 1, 2295.985058912906, array([32822.22    , 33668.303   , 11779.786999]), False)
(array([31692.1     , 33090.497   , 12422.224935]), 1, 1895.9744665858184, array([31692.1     , 33090.497   , 12422.224935]), False)
(array([32080.02   , 30937.438  , 10314.40819]), 0, -112.78955248796848, array([32080.02   , 30937.438  , 10314.40819]), False)
(array([30239.04   , 31486.569  ,  4488.31707]), 1, -125.03198931824542, array([30239.04   , 31486.569  ,  4488.31707]), False)
(array([31755.24   , 31069.159  ,  7029.05259]), 0, -94.68180043077396, array([31755.24   , 31069.159  ,  7029.05259]), False)
(array([29329.3     , 31299.466   , 28246.619757]), 2, -216.26119663849852, array([29329.3     , 31299.466   , 28246.619757]), False)
(array([30327.19   , 31100.274  ,  5657.92082]), 2, 2173.553513307757, array([30327.19   , 31100.274  ,  5657.92082]), False)
(array([28486.14    , 30626.736   ,  9983.986074]), 1, 2339.7295336109078, array([28486.14    , 30626.736   ,  9983.986074]), False)
(array([27793.62   , 29113.378  , 18762.45474]), 2, -136.60805050157214, array([27793.62   , 29113.378  , 18762.45474]), False)
(array([28193.4    , 28539.692  , 21433.68996]), 2, -141.60014806998788, array([28193.4    , 28539.692  , 21433.68996]), False)
(array([29580.94   , 28021.524  , 10217.30276]), 0, 2683.8635593157287, array([29580.94   , 28021.524  , 10217.30276]), False)
(array([30140.97   , 28932.519  ,  6633.08826]), 2, 1499.0501692782593, array([30140.97   , 28932.519  ,  6633.08826]), False)
(array([29287.05   , 30119.199  ,  3504.14425]), 1, 1521.6740082675185, array([29287.05   , 30119.199  ,  3504.14425]), False)
(array([30457.88   , 30094.092  ,  1443.98443]), 2, -88.8797977557767, array([30457.88   , 30094.092  ,  1443.98443]), False)
(array([29578.31 , 30788.191,  6918.515]), 1, -138.26622145963125, array([29578.31 , 30788.191,  6918.515]), False)
(array([30529.99   , 30143.361  ,  1205.70619]), 2, -87.66478744584737, array([30529.99   , 30143.361  ,  1205.70619]), False)
(array([29348.78   , 29851.262  ,  5254.46966]), 2, -92.40203651704891, array([29348.78   , 29851.262  ,  5254.46966]), False)
(array([30389.45   , 29313.832  ,  7993.23976]), 0, -109.82141246477352, array([30389.45   , 29313.832  ,  7993.23976]), False)
(array([29152.9   , 30186.886 ,  5363.9516]), 1, -94.03364306029047, array([29152.9   , 30186.886 ,  5363.9516]), False)
(array([30140.78   , 29424.654  ,  4570.07476]), 0, -108.09158792372314, array([30140.78   , 29424.654  ,  4570.07476]), False)
(array([29089.9    , 30289.572  ,  8407.03264]), 2, -96.7739832676472, array([29089.9    , 30289.572  ,  8407.03264]), False)
(array([28388.14   , 28967.136  ,  8825.60958]), 2, 1013.475615973533, array([28388.14   , 28967.136  ,  8825.60958]), False)
(array([29380.43   , 29034.292  ,  3053.96027]), 1, -82.23975308677497, array([29380.43   , 29034.292  ,  3053.96027]), False)
(array([30216.71   , 29320.655  ,  7189.13189]), 2, 865.5113357305783, array([30216.71   , 29320.655  ,  7189.13189]), False)
(array([31277.18   , 30606.648  , 13450.89959]), 0, 877.6565752640535, array([31277.18   , 30606.648  , 13450.89959]), False)
(array([30742.59   , 31581.198  , 10280.12197]), 2, -89.16349416801782, array([30742.59   , 31581.198  , 10280.12197]), False)
(array([31251.     , 30199.299  ,  6152.95419]), 0, -104.84289501519709, array([31251.     , 30199.299  ,  6152.95419]), False)
(array([30197.77   , 31424.54   , 10182.07375]), 1, -82.98203575159494, array([30197.77   , 31424.54   , 10182.07375]), False)
(array([31059.71   , 29760.489  ,  9207.19644]), 0, -132.62002533893548, array([31059.71   , 29760.489  ,  9207.19644]), False)
(array([30026.72   , 30950.47   , 10457.20765]), 1, -124.13023388618691, array([30026.72   , 30950.47   , 10457.20765]), False)
(array([29045.46   , 29814.52   ,  8018.10386]), 1, 1462.7464778711114, array([29045.46   , 29814.52   ,  8018.10386]), False)
(array([27427.48   , 28495.76   , 13225.95243]), 1, 3087.7905943201945, array([27427.48   , 28495.76   , 13225.95243]), False)
(array([26574.53    , 27635.394   ,  6291.892099]), 1, 1205.523661809155, array([26574.53    , 27635.394   ,  6291.892099]), False)
(array([25341.4     , 27178.444   , 10863.860561]), 2, 1330.0661770896768, array([25341.4     , 27178.444   , 10863.860561]), False)
(array([24182.6     , 25730.433   , 15274.248184]), 2, 1697.787152615251, array([24182.6     , 25730.433   , 15274.248184]), False)
(array([22804.62   , 24408.49   , 19134.71625]), 2, 2384.3133555216873, array([22804.62   , 24408.49   , 19134.71625]), False)
(array([22587.9     , 23358.373   ,  4302.867919]), 2, -132.1993551625246, array([22587.9     , 23358.373   ,  4302.867919]), False)
(array([22747.24   , 22286.98   , 15621.63646]), 2, 1236.0492868027163, array([22747.24   , 22286.98   , 15621.63646]), False)
(array([21484.73   , 22308.04   ,  4074.72978]), 1, -134.76042817386607, array([21484.73   , 22308.04   ,  4074.72978]), False)
(array([20722.92   , 21634.514  , 10181.92016]), 1, 1589.494357068654, array([20722.92   , 21634.514  , 10181.92016]), False)
(array([21177.03  , 21111.635 , 10360.6993]), 0, -144.73760564341214, array([21177.03  , 21111.635 , 10360.6993]), False)
(array([20723.    , 20970.593 ,  6647.3656]), 1, -117.3149458268163, array([20723.    , 20970.593 ,  6647.3656]), False)
(array([22214.02   , 21326.449  ,  3866.67365]), 0, -139.68853035396262, array([22214.02   , 21326.449  ,  3866.67365]), False)
(array([21797.51   , 22270.399  ,  2824.63942]), 1, -98.30269706742979, array([21797.51   , 22270.399  ,  2824.63942]), False)
(array([21044.55   , 21893.559  ,  4312.07086]), 2, 1045.2430986736442, array([21044.55   , 21893.559  ,  4312.07086]), False)
(array([20364.99   , 20972.361  ,  4621.68329]), 2, 1276.1947634460414, array([20364.99   , 20972.361  ,  4621.68329]), False)
(array([21100.64   , 20590.261  ,  5654.94925]), 0, -93.02354506143472, array([21100.64   , 20590.261  ,  5654.94925]), False)
(array([19439.26    , 20493.831   , 16590.795609]), 2, -179.65533718121492, array([19439.26    , 20493.831   , 16590.795609]), False)
(array([18621.13    , 19134.284   , 13060.296568]), 2, -102.79856270831729, array([18621.13    , 19134.284   , 13060.296568]), False)
(array([18380.1    , 18571.659  ,  4696.99078]), 1, -95.11310188927591, array([18380.1    , 18571.659  ,  4696.99078]), False)
(array([19006.11   , 18498.068  ,  8160.00557]), 2, -103.8377699392725, array([19006.11   , 18498.068  ,  8160.00557]), False)
(array([20639.48   , 19677.269  ,  7750.16027]), 2, 2099.411385417819, array([20639.48   , 19677.269  ,  7750.16027]), False)
(array([21192.08   , 20587.515  ,  6114.51662]), 0, 1389.6457450911291, array([21192.08   , 20587.515  ,  6114.51662]), False)
(array([20411.24   , 21006.56   ,  3271.91589]), 1, -93.01391405577495, array([20411.24   , 21006.56   ,  3271.91589]), False)
