8972.00866743461
10000
10000
10000
10000
10000
10000
10000
8600.668091237392
9790.189575225138
9991.016679726363
9833.33795244898
10191.835032920944
9195.0091304391
9773.771983775914
10832.195318789722
9975.926568704032
11409.223888309685
10922.231649153211
10168.409457418104
9631.20887091624
9397.457382567369
9155.976073186848
10290.030118969767
10239.148980122
11085.00255003569
8695.908191063128
9972.315386406462
10183.88491811159
10880.94174009612
9435.131189097778
8876.352212925554
9806.192334135932
9396.594040678257
10558.229343859679
8942.081778901373
10033.135557995009
10444.290117434544
9542.62922120323
10152.648261833265
10152.814927666597
10479.927675383298
10372.641290792877
10569.657122864424
10265.42057063604
10000
10000
10000
10000
10000
10000
10000
10000
10000
10000
10000
10000
10000
10000
10000
10000
8889.663517041598
8637.179908055652
10236.462020090048
10469.757411415389
10908.03239082599
9737.154888021863
11132.956178035478
8880.727839995356
9161.636879299695
8525.010479432944
10449.36405917295
11710.06333447742
8943.762404345081
10147.71639606983
11185.623943607865
10303.439381607288
9962.770386391569
9782.673533905985
10452.8526224299
9943.692906758211
8945.833830883003
10590.115694034046
9703.53930392585
8582.959596006182
9065.884126208462
8342.656824330868
9078.481085958945
9490.537672462187
11173.865817832397
10947.179235253709
10053.587071702319
8848.377192706072
11073.939620813686
10353.01748743988
9113.331128240852
9975.992330790072
10186.797142593252
10336.00254860958
9586.666709881758
9989.761561415857
9901.915173652756
9926.776813374356
9105.06741047262
9012.739765172215
10533.646975879645
10293.407330078539
9787.65124028334
9651.992397541586
10134.40316778972
9536.465168957859
10032.617546448726
10395.182618532433
10577.46303152205
10504.73073065946
9496.627267955035
9495.246337680092
9712.902487260028
10031.036052841982
9097.261186369997
9741.662589267757
10065.199356462073
9887.711323975305
9688.582815453581
9890.919992719182
10066.701546327313
10274.313396098276
10012.93696126275
10005.76393476228
10103.83627811609
9991.39714975311
9857.123338416583
10227.7255535259
10199.325108175351
9799.402136143965
9954.186864654781
10031.252945193253
9910.776282452289
9796.417495360609
9807.974300697
10043.98575554383
10117.219036319855
10242.784290252926
11484.467243656134
9112.8565355097
9025.901568511537
9988.884144042038
9097.832692543045
10167.795446431383
10340.732582195242
10037.234579894654
9908.93463659231
10000
10000
10000
10000
10000
10000
10000
10000
10000
10000
10000
10000
10000
10000
10000
10000
10000
10000
10000
10000
10000
10000
10000
10000
10000
10000
10000
10000
10000
10000
10000
10000
10000
10000
10000
10000
10000
10000
10000
10000
10000
10000
10000
10000
10000
10000
10000
10000
10000
10000
10000
10000
10000
10000
10000
10000
10000
10000
10000
10000
10000
10000
10000
10000
10000
10000
10000
10000
10000
10000
10000
10000
10000
10000
10000
10000
10000
10000
10000
10000
10000
10000
10000
10000
10000
10000
10000
10000
10000
10000
10000
10000
10000
10000
10000
10000
10000
10000
10000
10000
10000
10000
10000
10000
10000
10000
10000
10000
10000
10000
10000
10000
10000
10000
10000
10000
10000
10000
10000
10000
10000
10000
10000
10000
10000
10000
10000
10000
10000
10000
10000
10000
10000
10000
10000
10000
10000
10000
10000
10000
10000
10000
10000
10000
10000
10000
10000
10000
10000
10000
10000
10000
10000
10000
10000
10000
10000
10000
10000
10000
10000
10000
10000
10000
10000
10000
10000
10000
10000
10000
10000
10000
10000
10000
10000
10000
10000
10000
10000
10000
10000
10000
10000
10000
10000
10000
10000
10000
10000
10000
10000
10000
10000
10000
10000
10000
10000
10000
10000
10000
10000
10000
10000
10000
10000
10000
10000
10000
10000
10000
10000
10000
10000
10000
10000
10000
10000
10000
10000
10000
10000
10000
10000
10000
10000
10000
10000
10000
10000
10000
10000
10000
10000
10000
10000
10000
10000
10000
10000
10000
10000
10000
10000
10000
10000
10000
10000
10000
10000
10000
10000
10000
10000
10000
10000
10000
10000
10000
10000
10000
10000
10000
10000
10000
10000
10000
10000
10000
10000
10000
10000
10000
10000
10000
10000
10000
10000
10000
10000
10000
10000
10000
10000
10000
10000
10000
10000
10000
10000
10000
10000
10000
10000
10000
10000
10000
10000
10000
10000
10000
10000
10000
10000
10000
10000
10000
10000
10000
10000
10000
10000
10000
10000
10000
10000
10000
10000
10000
10000
10000
10000
10000
10000
10000
10000
10000
10000
10000
10000
10000
10000
10000
10000
10000
10000
10000
10000
10000
10000
10000
10000
10000
10000
10000
10000
10000
10000
10000
10000
10000
10000
10000
10000
10000
10000
10000
10000
10000
10000
10000
10000
10000
10000
10000
10000
10000
10000
10000
10000
10000
10000
10000
10000
10000
10000
10000
10000
10000
10000
10000
10000
10000
10000
10000
10000
10000
10000
10000
10000
10000
10000
10000
10000
10000
10000
10000
10000
10000
10000
10000
10000
10000
10000
10000
10000
10000
10000
10000
10000
10000
10000
10000
10000
10000
10000
10000
10000
10000
10000
10000
10000
10000
10000
10000
10000
10000
10000
10000
10000
10000
10000
10000
10000
10000
10000
10000
10000
10000
10000
10000
10000
10000
10000
10000
10000
10000
10000
10000
10000
10000
10000
10000
10000
10000
10000
10000
10000
10000
10000
10000
10000
10000
10000
10000
10000
10000
10000
10000
10000
10000
10000
10000
10000
10000
10000
10000
10000
8891.93900942802
10055.514769717238
10152.94240737618
8870.201843892397
10023.386233929235
10447.507939750361
10119.29006226271
9310.913058028877
9413.491030998845
953.1802319830733
9824.215558907352
9107.765761721606
10172.707234025034
9846.714189941194
10404.186623836897
9399.198109409037
9051.595599661858
6203.092575517176
5263.541753964564
4467.368073561248
6825.434492927756
